346 377
346 379
346 820
377 339
377 794
138 348
138 393
138 738
348 331
348 476
27 889
27 972
27 569
889 336
889 604
46 939
46 808
46 40
939 468
939 429
99 765
99 144
99 320
765 451
765 482
656 719
656 797
656 352
719 321
719 610
223 306
223 597
223 186
306 409
306 612
157 626
157 587
157 370
626 928
626 570
324 474
324 928
324 400
474 829
474 247
711 883
711 982
711 962
883 49
883 824
29 971
29 266
29 144
971 406
971 989
221 912
221 173
221 312
912 208
912 466
59 850
59 175
59 704
850 438
850 530
522 760
522 605
522 309
760 26
760 738
722 785
722 316
722 492
785 117
785 465
124 979
124 471
124 455
979 532
979 102
368 558
368 623
368 147
558 953
558 700
230 853
230 590
230 510
853 984
853 484
25 155
25 307
25 774
155 934
155 102
253 836
253 277
253 98
836 286
836 825
111 343
111 897
111 372
343 752
343 833
51 212
51 741
51 383
212 663
212 309
443 444
443 21
443 514
444 529
444 710
172 209
172 703
172 364
209 849
209 727
703 908
703 330
586 986
586 706
586 708
986 890
986 975
926 942
926 916
926 660
942 410
942 914
509 919
509 996
509 193
919 808
919 715
293 620
293 448
293 475
620 633
620 989
741 896
741 133
896 65
896 352
242 395
242 915
242 921
395 83
395 804
478 931
478 216
478 826
931 727
931 723
573 674
573 495
573 65
674 802
674 240
529 23
529 794
93 451
93 705
93 745
451 772
661 872
661 531
661 870
872 655
872 564
239 505
239 891
239 663
505 510
505 534
28 816
28 754
28 388
816 969
816 382
13 873
13 128
13 858
873 717
873 72
42 342
42 829
42 967
342 153
342 360
187 351
187 708
187 700
351 559
351 940
150 698
150 581
150 640
698 542
698 807
219 303
219 358
219 171
303 178
303 389
92 199
92 76
92 265
199 422
199 810
431 976
431 599
431 790
976 545
976 504
530 955
530 57
955 492
955 450
149 589
149 268
149 191
589 811
589 675
268 689
268 409
689 701
689 387
891 615
891 744
499 967
499 747
499 71
967 811
625 963
625 103
625 568
963 653
963 514
928 827
263 876
263 339
263 606
876 151
876 783
934 132
934 542
241 937
241 300
241 526
937 667
937 548
417 525
417 994
417 974
525 270
525 702
353 769
353 82
353 667
769 796
769 272
284 935
284 249
284 885
935 357
935 128
400 472
400 662
472 951
472 408
65 432
581 898
581 516
898 462
898 482
361 629
361 454
361 778
629 616
629 913
667 637
206 691
206 551
206 456
691 252
691 339
32 575
32 166
32 412
575 142
575 375
134 968
134 4
134 611
968 345
968 382
412 567
412 139
567 45
567 39
166 122
166 345
26 653
26 670
286 328
286 766
185 933
185 300
185 888
933 890
933 446
113 356
113 118
113 713
356 418
356 700
143 936
143 154
143 740
936 995
936 764
915 957
915 878
71 130
71 90
130 728
130 562
7 374
7 432
7 801
374 595
374 766
320 834
320 196
834 726
834 864
151 662
151 323
386 779
386 750
386 402
779 415
779 271
663 244
597 999
597 833
999 604
999 870
385 405
385 462
385 512
405 577
405 724
53 81
53 159
53 247
81 349
81 70
154 959
154 477
35 63
35 809
35 623
63 317
63 560
79 664
79 731
79 458
664 681
664 94
317 801
317 618
801 866
203 550
203 612
203 821
550 511
550 424
436 901
436 22
436 273
901 677
901 730
554 893
554 527
554 473
893 776
893 62
623 665
197 884
197 977
197 375
884 946
884 952
141 315
141 387
141 344
315 666
315 365
101 767
101 688
101 645
767 55
767 882
190 616
190 174
190 433
616 304
347 420
347 790
347 162
420 938
420 243
410 619
410 804
619 456
619 808
670 695
670 847
695 813
695 938
797 391
797 660
24 440
24 144
24 636
440 563
440 880
309 838
838 854
838 681
370 668
370 930
668 6
668 37
336 526
336 672
526 708
369 559
369 136
369 851
559 724
482 214
156 860
156 650
156 502
860 252
860 465
110 713
110 145
110 910
713 995
639 685
639 532
639 229
685 947
685 97
277 332
277 105
332 643
332 544
88 582
88 254
88 489
582 456
582 617
213 433
213 445
213 795
433 302
425 761
425 450
425 491
761 524
761 280
237 561
237 792
237 980
561 435
561 828
642 875
642 125
642 866
875 496
875 121
452 714
452 943
452 778
714 470
714 225
432 885
885 120
716 909
716 204
716 865
909 916
909 583
191 795
191 846
795 449
83 624
83 177
624 537
624 193
849 119
849 749
494 832
494 944
494 603
832 677
832 715
446 941
446 57
941 520
941 43
198 690
198 296
198 652
690 750
690 961
47 786
47 160
47 383
786 736
786 6
751 759
751 975
751 297
759 929
759 381
30 733
30 215
30 146
733 867
733 260
349 864
349 67
864 323
972 992
972 867
992 313
992 888
248 403
248 161
248 287
403 694
403 772
830 908
830 337
830 398
908 340
162 220
162 435
220 17
220 372
829 401
350 945
350 565
350 553
945 827
945 973
291 630
291 78
291 956
630 114
630 918
17 247
17 705
450 44
413 512
413 956
413 139
512 739
55 978
55 376
393 750
393 608
737 981
737 673
737 527
981 930
981 983
389 649
389 238
649 267
649 152
687 980
687 510
687 950
980 174
867 604
824 985
824 261
985 201
985 843
462 609
120 231
120 104
231 814
231 540
548 677
548 688
358 973
358 80
335 798
335 536
335 18
798 182
798 423
516 666
516 392
471 817
471 858
170 438
170 960
170 183
438 86
537 640
537 269
640 194
270 521
270 610
637 727
637 135
11 710
11 236
11 437
710 131
104 826
104 749
628 763
628 855
628 553
763 225
763 266
563 601
563 278
813 845
813 176
845 539
845 137
169 743
169 869
169 500
743 569
743 753
562 854
562 16
854 534
487 531
487 614
487 966
531 218
159 411
159 152
182 506
182 917
599 768
599 86
752 546
752 434
427 485
427 179
427 888
485 552
485 296
411 806
411 464
806 800
806 988
879 911
879 66
879 585
911 256
911 817
22 793
22 421
267 533
267 467
595 720
595 40
298 865
298 189
298 108
865 327
20 283
20 183
20 363
283 990
283 60
365 775
365 578
775 618
775 483
406 547
406 851
547 680
547 388
98 696
98 782
696 913
696 409
12 135
12 371
12 920
135 984
503 781
503 644
503 173
781 235
781 820
68 295
68 991
68 186
295 839
295 598
534 757
747 67
747 784
262 920
262 171
262 949
920 100
100 778
100 189
666 207
388 507
507 466
507 789
720 121
720 367
14 180
14 302
14 641
180 948
180 366
680 706
680 844
364 787
364 770
787 655
787 887
74 725
74 201
74 702
725 665
725 282
236 903
236 36
903 982
903 546
261 322
261 835
322 23
322 132
536 564
536 621
407 641
407 618
407 580
641 307
650 95
650 844
259 519
259 486
259 809
519 217
519 764
857 962
857 80
857 429
962 414
601 192
601 287
466 848
848 301
848 958
5 602
5 354
5 579
602 319
602 922
553 736
736 861
498 800
498 257
498 238
800 528
679 812
679 917
679 565
812 299
812 311
572 835
572 796
572 459
835 10
731 859
731 21
859 158
859 906
171 442
167 557
167 646
167 917
557 809
557 201
605 918
605 177
379 556
379 140
556 380
556 658
328 229
328 80
659 839
659 874
659 245
839 902
114 721
114 946
225 784
84 644
84 993
84 103
644 232
329 820
329 653
329 862
146 964
146 584
964 184
964 52
528 318
528 638
226 584
226 271
226 805
584 290
564 579
579 881
260 576
260 9
576 755
576 594
590 515
590 416
461 831
461 773
461 545
831 758
831 0
85 580
85 652
85 676
580 951
378 833
378 208
378 418
280 447
280 448
447 488
447 18
19 900
19 493
19 840
900 774
900 139
495 600
495 15
600 961
600 502
153 234
153 316
15 112
15 497
112 227
112 375
627 756
627 904
627 959
756 217
756 251
331 408
331 232
890 481
705 50
163 657
163 493
163 476
657 64
657 784
56 265
56 944
56 272
265 694
319 904
319 592
904 707
442 566
442 729
566 64
566 87
532 874
132 148
274 609
274 997
274 549
609 430
275 574
275 662
275 651
574 987
574 200
202 998
202 341
202 300
998 426
998 738
486 774
486 746
142 565
142 846
136 415
136 840
415 435
418 789
246 897
246 868
246 541
897 397
524 732
524 404
396 841
396 470
396 211
841 325
841 89
543 631
543 107
543 770
631 658
631 593
9 697
9 764
697 195
697 357
929 792
929 304
266 77
33 416
33 97
33 726
416 776
76 606
76 207
606 593
585 749
585 878
257 538
257 419
538 459
538 490
611 621
611 683
621 105
119 195
119 740
195 70
826 366
768 949
768 222
97 292
292 654
292 643
216 894
216 38
6 549
255 851
255 91
255 847
996 560
996 334
594 954
594 570
954 675
954 819
426 165
426 278
882 758
882 391
445 408
445 957
147 234
147 776
234 205
323 496
496 852
632 693
632 791
632 381
693 802
693 454
578 414
578 930
133 192
133 252
192 449
290 970
290 75
316 645
215 923
215 777
207 671
671 240
671 249
672 745
672 373
160 279
160 924
52 504
52 688
504 511
970 58
970 728
423 905
423 338
905 469
905 910
469 792
469 107
87 318
87 977
318 608
802 357
947 617
947 706
546 468
791 803
791 541
58 453
58 326
788 895
788 439
788 721
895 969
895 952
73 949
73 398
73 264
721 783
279 712
279 115
683 734
683 437
734 894
734 360
454 923
991 615
991 108
123 518
123 179
123 709
518 117
518 966
861 235
861 493
502 959
468 484
72 822
72 82
822 523
822 635
179 648
89 762
89 125
762 1
762 200
460 675
460 398
460 957
116 636
116 892
116 782
636 881
222 617
222 355
240 647
251 946
251 294
296 965
186 299
953 326
953 742
23 894
916 927
64 62
188 638
188 314
188 148
638 757
326 453
102 126
707 793
707 118
793 16
40 227
755 210
755 555
173 392
542 227
380 95
380 325
874 799
108 622
622 37
622 359
373 925
373 521
925 31
925 178
312 766
312 702
470 49
852 457
852 924
922 960
922 745
960 748
789 34
913 96
748 177
748 856
204 723
204 77
77 598
355 39
355 233
982 647
338 360
338 382
0 513
0 467
513 340
513 457
404 862
404 424
862 866
34 956
34 165
473 997
473 577
997 868
37 552
552 8
978 61
978 818
57 492
217 508
544 877
544 288
877 988
877 754
515 235
515 181
508 551
508 3
551 285
658 428
359 724
359 210
593 45
125 18
730 402
730 475
391 44
869 497
869 330
205 907
205 129
145 394
145 439
545 501
333 419
333 168
333 491
419 571
165 995
41 131
41 940
41 975
131 938
571 321
571 476
615 684
194 489
194 428
489 245
214 732
214 60
732 276
10 673
10 299
673 856
527 868
2 669
2 273
2 453
669 699
669 337
321 842
66 726
66 122
464 718
464 467
681 577
152 540
78 183
78 50
665 164
95 846
75 258
75 887
258 479
258 308
106 245
106 137
106 514
827 334
273 148
208 823
783 951
49 610
796 82
44 684
304 994
118 362
549 224
717 906
717 327
906 61
718 871
718 232
871 823
871 371
301 129
301 596
228 598
228 643
228 297
973 686
634 993
634 276
634 397
993 8
211 810
211 648
810 158
249 341
958 341
958 607
90 376
90 807
376 592
837 948
837 692
837 109
948 539
61 843
843 521
790 780
264 533
264 932
533 481
193 289
682 902
682 109
682 344
902 344
742 483
742 983
140 740
140 480
488 520
488 825
520 45
390 887
390 457
390 635
944 651
757 340
310 863
310 777
310 892
863 977
863 168
965 424
965 184
817 646
366 535
535 842
535 987
39 814
814 932
932 250
48 899
48 38
48 387
899 477
899 804
164 127
164 50
38 297
633 771
633 969
771 36
771 233
780 647
780 974
174 828
988 635
394 754
394 402
459 856
8 371
189 288
302 907
441 555
441 354
441 314
555 238
36 735
735 805
735 250
927 943
927 158
943 828
16 686
126 399
126 583
399 269
399 739
645 181
345 176
107 744
684 307
648 811
686 401
437 278
288 870
907 422
218 989
218 921
122 383
712 701
712 91
458 799
458 4
448 362
381 70
560 660
918 480
758 729
86 384
243 501
243 704
501 60
69 614
69 465
69 729
614 950
961 115
43 103
43 181
325 880
362 421
540 910
31 479
31 430
479 583
67 847
176 587
21 372
855 62
855 311
646 676
289 334
289 678
129 799
807 491
229 430
354 281
178 282
282 517
587 654
517 651
517 200
308 477
308 815
294 313
294 596
313 541
923 94
428 746
603 127
603 815
654 819
91 591
701 709
709 803
886 983
886 588
886 54
224 612
224 250
3 914
3 233
914 244
805 363
287 794
777 692
497 115
285 352
285 363
746 990
921 109
592 523
694 384
475 570
950 984
588 753
588 990
753 337
994 770
54 819
54 490
384 490
449 500
127 744
161 305
161 484
281 429
281 818
463 591
463 878
463 880
591 175
892 692
367 739
367 821
210 940
4 655
652 844
276 128
254 511
254 401
500 607
607 117
881 196
608 481
924 704
96 271
96 480
330 825
772 506
422 168
269 184
434 773
434 314
773 196
523 121
506 987
256 455
256 723
455 858
305 842
305 678
94 483
327 1
1 244
105 974
728 539
175 568
678 803
568 439
311 613
613 421
613 699
392 952
840 715
823 272
137 414
596 676
782 966
397 699
569 818
821 815
